w1
[[1, 1, 0, 1, -1, -1, 0, 1, 1, 1, 1, 1, 1, 0, 0, -1], [1, 1, -1, -1, 0, 1, -1, -1, -1, 1, 0, 1, -1, -1, 1, -1], [0, -1, 0, -1, -1, 0, 0, -1, -1, -1, -1, -1, -1, 1, -1, -1], [1, -1, 0, -1, -1, 1, 0, -1, 1, 1, -1, 1, -1, 0, 1, -1], [1, -1, 0, -1, -1, -1, 0, 1, -1, 1, 0, 1, 1, -1, 1, -1], [-1, 1, -1, 0, 1, 0, 1, -1, 1, 0, 0, 0, -1, -1, 1, -1], [0, -1, 0, 1, 0, 1, 1, 1, 1, -1, -1, -1, 0, -1, 1, -1], [0, -1, -1, -1, 1, -1, 0, 1, 1, 0, 1, 0, 1, 0, -1, 1], [-1, 1, 1, -1, 0, 0, 0, -1, 1, -1, 1, 1, -1, 1, 0, -1], [-1, 1, 0, 1, 1, -1, 1, 0, 0, 0, -1, -1, 1, 1, 1, 1], [1, 1, -1, -1, -1, -1, 0, -1, 1, -1, 0, -1, 1, 0, -1, -1], [0, -1, 0, -1, 0, 0, -1, 1, 1, 0, -1, 1, 0, 1, 1, 1], [1, -1, 0, -1, -1, 0, 0, -1, -1, 0, 0, -1, -1, 1, -1, 1], [-1, 1, -1, 1, 0, -1, -1, -1, 1, -1, 1, -1, 1, -1, 1, -1], [0, -1, 1, -1, -1, 1, -1, 0, 1, 1, 1, -1, -1, -1, 0, -1], [-1, 1, -1, 1, -1, -1, 1, -1, 0, -1, -1, 0, 0, 1, 1, 1]]

w2
[[1, -1, 0, 0, 0, 0, -1, 1, 0, 0, 1, 1, 1, 1, -1, 1], [0, 0, 1, 1, 1, 1, 1, 0, 0, 0, -1, 1, -1, 0, 1, -1], [0, 0, 0, 0, 1, 1, 1, 0, -1, 1, 0, 0, -1, 0, -1, 0], [0, -1, -1, -1, -1, 1, 1, 0, 0, 0, -1, 0, 0, 0, 1, -1], [1, 0, -1, 1, 1, 1, -1, 0, 1, 0, 1, 1, -1, 1, 0, 1], [0, 0, 0, 0, 0, 0, -1, -1, 0, 1, -1, -1, 1, -1, 1, 0], [0, 0, 1, -1, 0, 0, -1, 0, 0, -1, 1, -1, 1, 1, -1, 0], [1, -1, 0, 0, -1, 1, 1, 0, 0, 1, -1, 1, -1, 0, -1, 1], [-1, -1, 0, -1, 0, -1, 0, 1, -1, 1, 0, 1, 1, -1, 0, 0], [1, 0, -1, 0, 1, -1, 0, 1, -1, -1, 0, 1, 0, 0, 0, -1]]

Bnorm
beta
[-0.36833623,  0.09435985, -0.30475247,  0.01355708, -0.06257769,
       -0.08197895, -0.1234509 , -0.3843693 ,  0.14100914, -0.01584888,
       -0.23965852,  0.4505548 , -0.06525479, -0.2790789 , -0.2651072 ,
        0.06773878]

mean
[ 37.993946 ,  -7.93184  , -57.56729  , -11.553456 , -18.51162  ,
         1.3972145,   3.4904094,   3.9975102,   2.1344771,  28.919249 ,
       -20.804125 ,   4.2780404, -31.899115 ,   8.37348  , -17.171644 ,
         0.5056274]

var
[331.26343 ,  90.433044,  98.00948 , 114.02443 , 141.52551 ,
       143.92973 , 439.83435 , 173.77213 , 144.72495 , 252.18938 ,
       226.81827 , 144.6547  , 167.50894 , 162.41249 , 296.68726 ,
       349.23688 ]

threshold
[-5698,  -770,  -873, -1104, -1543, -1583, -8785, -2117, -1597,
       -3753, -3190, -1596, -2001, -1908, -4814, -6178]
